   1,   1,    -1,   963,    -1,   217,   185,  10.0,   15,  Nuc1        ,     39813,
   2,   1,    -1,   162,    56,   216,   150,  10.0,   19,  Nuc2        ,    106574,
   3,   1,    -1,   979,    -1,   239,   230,  11.0,   13,  Nuc3        ,      8530,
   4,   1,    -1,   364,   807,   202,   138,  14.0,   17,  Nuc4        ,     71827,
   5,   1,    -1,   980,    -1,   249,   184,  13.0,   15,  Nuc5        ,     45170,
   6,   1,    -1,   287,   303,   237,   103,  14.0,   17,  Nuc6        ,     95461,
   7,   1,    -1,   326,    -1,   246,    94,  18.0,   21,  Nuc7        ,    167265,
   8,   1,    -1,   100,    -1,   254,   229,  14.0,   11,  Nuc8        ,      5938,
   9,   1,    -1,   346,   406,   257,   119,  17.0,   21,  Nuc9        ,    165024,
  10,   1,    -1,   981,    -1,   282,   171,  16.0,   13,  Nuc10       ,     27570,
  11,   1,    -1,   261,    -1,   203,    82,  17.0,   19,  Nuc11       ,    146957,
  12,   1,    -1,    20,   251,   238,    70,  18.0,   19,  Nuc12       ,    124375,
  13,   1,    -1,     3,   236,   158,   135,  16.0,   15,  Nuc13       ,     33995,
  14,   1,    -1,   276,    -1,   172,   114,  19.0,   11,  Nuc14       ,     15720,
  15,   1,    -1,   260,    -1,   195,   184,  15.0,   15,  Nuc15       ,     27471,
  16,   1,    -1,    28,   168,   232,   152,  17.0,   15,  Nuc16       ,     40674,
  17,   1,    -1,   438,    -1,   219,    58,  19.0,   13,  Nuc17       ,     43665,
  18,   1,    -1,   313,    -1,   199,   205,  18.0,   13,  Nuc18       ,     16231,
  19,   1,    -1,   240,   258,   178,   218,  19.0,   15,  Nuc19       ,     23534,
  20,   1,    -1,   982,    -1,   280,   219,  20.0,   11,  Nuc20       ,     11643,
  21,   1,    -1,   314,   917,   207,   220,  21.0,   15,  Nuc21       ,     23855,
  22,   0,    -1,     0,    -1,   239,    35,  22.0,   15,  nill        ,     62104,
  23,   1,    -1,    29,   384,   266,    22,  22.0,   25,  Nuc22       ,    256245,
  24,   1,    -1,   434,   456,   166,    92,  22.0,   15,  Nuc23       ,     47261,
  25,   0,    -1,     0,    -1,   176,   202,  22.0,   13,  nill        ,     12497,
  26,   1,    -1,   985,    -1,   198,    47,  23.0,   13,  Nuc24       ,     37899,
  27,   1,    -1,    -1,    -1,   208,     5,  22.0,   17,  Nuc25       ,     11647,
  28,   1,    -1,   920,    -1,   235,    44,  22.0,   15,  Nuc26       ,     60503,
  29,   1,    -1,   525,    -1,   293,    77,  24.0,   23,  Nuc27       ,    221569,
  30,   1,    -1,   130,    -1,   216,   264,  23.0,   15,  Nuc28       ,      9849,
  31,   1,    -1,    -1,    -1,   140,   137,  24.0,   15,  Nuc29       ,     26652,
  32,   1,    -1,   572,    -1,   304,    17,  28.0,   27,  Nuc30       ,    310994,
  33,   1,    -1,   833,    -1,   180,    50,  29.0,   21,  Nuc31       ,    141439,
  34,   1,    -1,   127,   646,   312,    34,  28.0,   15,  Nuc32       ,     53527,
  35,   0,    -1,     0,    -1,   318,   194,  30.0,   15,  nill        ,     39324,
  36,   1,    -1,   612,   970,   161,    43,  32.0,   17,  Nuc33       ,     73373,
  37,   0,    -1,     0,    -1,   264,     1,  32.0,   12,  nill        ,        24,
  38,   1,    -1,   583,    -1,   170,    69,  32.0,   13,  Nuc34       ,     15986,
  39,   1,    -1,   126,   659,   319,     4,  34.0,   21,  Nuc35       ,     37091,
  40,   1,    -1,   138,    -1,   328,    54,  34.0,   23,  Nuc36       ,    191382,
  41,   1,    -1,   662,    -1,   172,    22,  38.0,   15,  Nuc37       ,     31010,
  42,   0,    -1,     0,    -1,   340,   155,  39.0,   17,  nill        ,     50856,
  43,   1,    -1,   741,    -1,   333,    60,  43.0,   17,  Nuc38       ,     60134,
  44,   0,    -1,     0,    -1,   348,   190,  44.0,   15,  nill        ,     29175,
  45,   0,    -1,     0,    -1,   148,    26,  50.0,   13,  nill        ,     15075,
  46,   1,    -1,   797,    -1,   343,   225,  48.0,   17,  Nuc39       ,     41271,
  47,   1,    -1,    67,    -1,   183,   152,  10.0,   11,  Nuc40       ,     13253,
  48,   1,    -1,    54,   907,   186,   164,  12.0,   13,  Nuc41       ,     27673,
  49,   1,    -1,   217,    -1,   212,   128,  12.0,   15,  Nuc42       ,     64269,
  50,   1,    -1,   248,   250,   236,   164,  12.0,   13,  Nuc43       ,     25758,
  51,   1,    -1,    -1,    -1,   239,   121,  13.0,   11,  Nuc44       ,     23266,
  52,   1,    -1,   279,   206,   188,   149,  12.0,   13,  Nuc45       ,     26685,
  53,   1,    -1,   962,    -1,   207,   200,  12.0,   13,  Nuc46       ,     22220,
  54,   1,    -1,   383,    -1,   263,    89,  16.0,   11,  Nuc47       ,     25643,
  55,   1,    -1,     5,   257,   181,    90,  19.0,   17,  Nuc48       ,     68701,
  56,   0,    -1,     0,    -1,   267,   229,  15.0,   15,  nill        ,     21937,
  57,   0,    -1,     0,    -1,   279,   184,  16.0,   13,  nill        ,     30904,
  58,   1,    -1,   360,    -1,   194,   115,  18.0,   11,  Nuc49       ,     16159,
  59,   1,    -1,    -1,    -1,   210,    46,  18.0,   11,  Nuc50       ,     18629,
  60,   1,    -1,   246,    -1,   224,   113,  15.0,   13,  Nuc51       ,     40810,
  61,   1,    -1,   345,    -1,   238,   219,  18.0,   13,  Nuc52       ,     17263,
  62,   1,    -1,    -1,    -1,   193,    72,  20.0,   19,  Nuc53       ,    128419,
  63,   1,    -1,   852,   301,   244,   239,  18.0,   11,  Nuc54       ,      9448,
  64,   0,    -1,     0,    -1,   289,   210,  20.0,   15,  nill        ,     27468,
  65,   0,    -1,     0,    -1,   297,   167,  20.0,   15,  nill        ,     43727,
  66,   1,    -1,   916,    -1,   221,    37,  21.0,   11,  Nuc55       ,     22797,
  67,   1,    -1,   477,   323,   234,   232,  19.0,   13,  Nuc56       ,     18256,
  68,   1,    -1,   382,    -1,   260,    38,  23.0,   13,  Nuc57       ,     38311,
  69,   1,    -1,   995,    -1,   279,    99,  22.0,   23,  Nuc58       ,    216199,
  70,   1,    -1,    22,   421,   218,    24,  22.0,   15,  Nuc59       ,     44305,
  71,   1,    -1,   449,    -1,   271,    54,  21.0,   19,  Nuc60       ,    116685,
  72,   1,    -1,   918,    -1,   278,    38,  20.0,   13,  Nuc61       ,     40154,
  73,   0,    -1,     0,    -1,   285,   112,  23.0,   13,  nill        ,     39528,
  74,   0,    -1,     0,    -1,   306,   162,  23.0,   13,  nill        ,     25897,
  75,   1,    -1,   373,   476,   227,   245,  24.0,   11,  Nuc62       ,      8013,
  76,   1,    -1,   921,    -1,   243,    56,  21.0,    9,  Nuc63       ,     10302,
  77,   0,    -1,     0,    -1,   268,   229,  20.0,   13,  nill        ,     21148,
  78,   1,    -1,   549,    -1,   287,   189,  20.0,   13,  Nuc64       ,     29612,
  79,   1,    -1,    -1,    -1,   150,   124,  22.0,   17,  Nuc65       ,     48954,
  80,   1,    -1,    99,    -1,   228,    30,  23.0,   13,  Nuc66       ,     37895,
  81,   1,    -1,   519,   628,   249,   247,  23.0,   13,  Nuc67       ,     11523,
  82,   1,    -1,    17,    -1,   251,    35,  21.0,   12,  Nuc68       ,     34897,
  83,   1,    -1,   497,   419,   215,   247,  23.0,   13,  Nuc69       ,     15339,
  84,   1,    -1,   552,    -1,   293,    41,  24.0,   13,  Nuc70       ,     38429,
  85,   0,    -1,     0,    -1,   308,   202,  26.0,   25,  nill        ,    145385,
  86,   0,    -1,     0,    -1,   305,   106,  27.0,   15,  nill        ,     60286,
  87,   1,    -1,    -1,    -1,   137,   158,  29.0,   11,  Nuc71       ,      7075,
  88,   0,    -1,     0,    -1,   305,   176,  24.0,   11,  nill        ,     15168,
  89,   1,    -1,   453,    -1,   132,   126,  29.0,   13,  Nuc72       ,     19942,
  90,   1,    -1,   561,    -1,   153,    83,  29.0,   13,  Nuc73       ,     19762,
  91,   1,    -1,    -1,    -1,   164,    24,  28.0,   15,  Nuc74       ,     15029,
  92,   1,    -1,   591,    -1,   306,    45,  28.0,   15,  Nuc75       ,     55204,
  93,   0,    -1,     0,    -1,   312,   126,  30.0,   15,  nill        ,     43394,
  94,   1,    -1,   925,    -1,   185,    67,  27.0,   13,  Nuc76       ,     24148,
  95,   1,    -1,    -1,    -1,   186,    34,  32.0,   17,  Nuc77       ,     64577,
  96,   0,    -1,     0,    -1,   290,   236,  29.0,   17,  nill        ,     41456,
  97,   1,    -1,   432,   485,   134,    96,  31.0,   21,  Nuc78       ,     97127,
  98,   0,    -1,     0,    -1,   124,   149,  32.0,   13,  nill        ,     11824,
  99,   1,    -1,   866,    -1,   271,    62,  28.0,    9,  Nuc79       ,      6852,
 100,   1,    -1,   132,    -1,   323,    21,  32.0,   15,  Nuc80       ,     63808,
 101,   0,    -1,     0,    -1,   326,   121,  34.0,   11,  nill        ,     14657,
 102,   1,    -1,   853,    -1,   272,     6,  31.0,   15,  Nuc81       ,     11064,
 103,   1,    -1,   667,    -1,   322,    40,  32.0,   15,  Nuc82       ,     59864,
 104,   1,    -1,   864,    -1,   193,    19,  32.0,   13,  Nuc83       ,     23417,
 105,   0,    -1,     0,    -1,   279,    57,  33.0,   13,  nill        ,     16356,
 106,   1,    -1,   624,    -1,   166,    31,  35.0,   15,  Nuc84       ,     32035,
 107,   0,    -1,     0,    -1,   327,   205,  33.0,    9,  nill        ,      4987,
 108,   1,    -1,    -1,    -1,   129,    76,  39.0,   17,  Nuc85       ,     42679,
 109,   1,    -1,   594,    -1,   137,    67,  37.0,   13,  Nuc86       ,     19642,
 110,   1,    -1,   614,    -1,   184,    17,  36.0,   11,  Nuc87       ,     10712,
 111,   1,    -1,   946,    -1,   147,    71,  35.0,   11,  Nuc88       ,     11766,
 112,   1,    -1,    -1,    -1,   140,    55,  39.0,   15,  Nuc89       ,     31332,
 113,   0,    -1,     0,    -1,   335,   226,  41.0,   15,  nill        ,     23056,
 114,   0,    -1,     0,    -1,   338,   215,  39.0,   15,  nill        ,     27693,
 115,   1,    -1,   896,    -1,   342,    29,  39.0,   11,  Nuc90       ,     15055,
 116,   1,    -1,   747,    -1,   348,    11,  40.0,   17,  Nuc91       ,     63732,
 117,   1,    -1,  1009,    -1,   353,    28,  40.0,   13,  Nuc92       ,     18083,
 118,   0,    -1,     0,    -1,   327,   145,  41.0,   11,  nill        ,      9434,
 119,   0,    -1,     0,    -1,   335,   127,  42.0,   13,  nill        ,     20371,
 120,   0,    -1,     0,    -1,   338,   171,  44.0,   11,  nill        ,      9838,
 121,   0,    -1,     0,    -1,   345,   217,  43.0,   13,  nill        ,     18165,
 122,   0,    -1,     0,    -1,   353,   193,  48.0,   13,  nill        ,     16871,
 123,   1,    -1,  1013,    -1,   361,    17,  45.0,   11,  Nuc93       ,     12720,
 124,   0,    -1,     0,    -1,   352,   136,  51.0,   17,  nill        ,     53067,
 125,   1,    -1,   751,   787,   147,     2,  50.0,   12,  Nuc94       ,       257,
 126,   0,    -1,     0,    -1,   343,   184,  49.0,   11,  nill        ,      8281,
 127,   0,    -1,     0,    -1,   350,   121,  52.0,   19,  nill        ,     68683,
 128,   0,    -1,     0,    -1,   350,   154,  47.0,   15,  nill        ,     34515,
 129,   0,    -1,     0,    -1,   356,   220,  51.0,   13,  nill        ,     16820,
 130,   1,    -1,     6,    -1,   211,   169,  13.0,   11,  Nuc95       ,     14448,
 131,   1,    -1,   284,    -1,   235,    54,  15.0,   13,  Nuc96       ,     24586,
 132,   1,    -1,   799,    -1,   193,   126,  14.0,   11,  Nuc97       ,     17530,
 133,   1,    -1,    -1,    -1,   229,   121,  14.0,    9,  Nuc98       ,     10350,
 134,   1,    -1,  1019,    -1,   263,   177,  18.0,    9,  Nuc99       ,      5437,
 135,   1,    -1,   405,   425,   250,    17,  19.0,   13,  Nuc100      ,     28485,
 136,   1,    -1,   502,    -1,   277,   142,  20.0,   15,  Nuc101      ,     49106,
 137,   1,    -1,   273,     8,   163,   103,  20.0,   13,  Nuc102      ,     25268,
 138,   1,    -1,   492,    -1,   171,    77,  21.0,   15,  Nuc103      ,     41719,
 139,   1,    -1,   379,    -1,   265,   136,  21.0,   11,  Nuc104      ,     13542,
 140,   0,    -1,     0,    -1,   254,    13,  25.0,   13,  nill        ,     29553,
 141,   0,    -1,     0,    -1,   304,   151,  26.0,   15,  nill        ,     49481,
 142,   1,    -1,  1022,    -1,   311,    72,  30.0,   13,  Nuc105      ,     28006,
 143,   0,    -1,     0,    -1,   268,    44,  27.0,    9,  nill        ,      7588,
 144,   0,    -1,     0,    -1,   309,   170,  30.0,   15,  nill        ,     41689,
 145,   1,    -1,  1024,    -1,   319,    92,  35.0,   15,  Nuc106      ,     40937,
 146,   1,    -1,   575,    -1,   124,    91,  37.0,   13,  Nuc107      ,     17863,
 147,   1,    -1,    -1,    -1,   304,   103,  36.0,   11,  Nuc108      ,     10936,
 148,   1,    -1,   181,    -1,   313,    72,  35.0,   13,  Nuc109      ,     29261,
 149,   0,    -1,     0,    -1,   323,   102,  35.0,   13,  nill        ,     23155,
 150,   0,    -1,     0,    -1,   126,   119,  37.0,    9,  nill        ,      3972,
 151,   0,    -1,     0,    -1,   353,   210,  46.0,   13,  nill        ,     18174,
 152,   1,    -1,   786,    -1,   343,    39,  47.0,   11,  Nuc110      ,     13751,
 153,   0,    -1,     0,    -1,   217,    36,  27.0,   11,  nill        ,     13753,
 154,   0,    -1,     0,    -1,   308,   161,  27.0,   13,  nill        ,     31519,
 155,   1,    -1,   581,    -1,   146,    60,  35.0,   11,  Nuc111      ,     11860,
 156,   1,    -1,   691,    -1,   309,    16,  37.0,   15,  Nuc112      ,     33226,
 157,   1,    -1,   784,    -1,   328,    49,  46.0,   11,  Nuc113      ,     10396,
 158,   1,    -1,    -1,    -1,   299,   199,  31.0,   13,  Nuc114      ,     19855,
 159,   1,    -1,   678,    -1,   303,    42,  33.0,   11,  Nuc115      ,     15948,
 160,   0,    -1,     0,    -1,   228,   152,   2.0,    9,  nill        ,      1846,
 161,   0,    -1,     0,    -1,   236,   199,   5.0,   11,  nill        ,      5672,
 162,   0,    -1,     0,    -1,   269,   141,   5.0,   11,  nill        ,      2576,
 163,   0,    -1,     0,    -1,   240,   213,   7.0,    9,  nill        ,      2330,
 164,   0,    -1,     0,    -1,   252,   210,   7.0,    9,  nill        ,      2241,
 165,   1,    -1,    -1,    -1,   186,   198,   8.0,   11,  Nuc116      ,      4500,
 166,   1,    -1,    -1,    -1,   161,   168,   9.0,   11,  Nuc117      ,      5443,
 167,   1,    -1,   198,    -1,   203,   166,   9.0,   11,  Nuc118      ,     12895,
 168,   1,    -1,    68,    -1,   227,   138,   9.0,    9,  Nuc119      ,      6312,
 169,   1,    -1,    -1,    -1,   169,   195,  10.0,   11,  Nuc120      ,      3786,
 170,   1,    -1,   215,    -1,   192,   136,  10.0,    9,  Nuc121      ,      6538,
 171,   1,    -1,   208,    -1,   199,   153,  10.0,   13,  Nuc122      ,     28729,
 172,   1,    -1,   207,    -1,   206,   174,  10.0,   11,  Nuc123      ,     13705,
 173,   1,    -1,   910,    -1,   209,   182,  10.0,   11,  Nuc124      ,     14562,
 174,   1,    -1,   975,    -1,   218,   200,  10.0,   11,  Nuc125      ,     12895,
 175,   0,    -1,     0,    -1,   230,   151,  10.0,   13,  nill        ,     33282,
 176,   0,    -1,     0,    -1,   238,   135,  10.0,   13,  nill        ,     31758,
 177,   1,    -1,    -1,    -1,   197,   198,  11.0,   11,  Nuc126      ,     10698,
 178,   1,    -1,   221,    -1,   211,   160,  11.0,   11,  Nuc127      ,     19404,
 179,   1,    -1,   800,    -1,   227,   182,  11.0,   11,  Nuc128      ,     17085,
 180,   0,    -1,     0,    -1,   235,   193,  11.0,   11,  nill        ,     14743,
 181,   1,    -1,  1039,    -1,   236,   185,  11.0,   13,  Nuc129      ,     27154,
 182,   0,    -1,     0,    -1,   243,   153,  11.0,   11,  nill        ,     20498,
 183,   1,    -1,  1041,    -1,   245,   196,  11.0,   11,  Nuc130      ,     11895,
 184,   0,    -1,     0,    -1,   253,   158,  11.0,   13,  nill        ,     32554,
 185,   0,    -1,     0,    -1,   254,   170,  11.0,   11,  nill        ,     17060,
 186,   0,    -1,     0,    -1,   292,   165,  11.0,   11,  nill        ,      4255,
 187,   1,    -1,    -1,    -1,   163,   177,  12.0,    9,  Nuc131      ,      3731,
 188,   1,    -1,   155,    -1,   175,   174,  12.0,   11,  Nuc132      ,     15923,
 189,   1,    -1,   214,    -1,   181,   124,  12.0,   11,  Nuc133      ,     13545,
 190,   1,    -1,   906,    -1,   200,   121,  12.0,   11,  Nuc134      ,     17007,
 191,   1,    -1,   801,    -1,   213,   115,  12.0,   15,  Nuc135      ,     50955,
 192,   1,    -1,   222,   803,   216,   139,  12.0,   11,  Nuc136      ,     21522,
 193,   1,    -1,   201,    -1,   216,   210,  12.0,   11,  Nuc137      ,     10144,
 194,   1,    -1,  1045,    -1,   223,   172,  12.0,   13,  Nuc138      ,     33144,
 195,   1,    -1,    92,    -1,   225,   209,  12.0,    9,  Nuc139      ,      5761,
 196,   1,    -1,   161,    -1,   226,   224,  12.0,   13,  Nuc140      ,     16617,
 197,   1,    -1,  1046,    -1,   230,   204,  12.0,   17,  Nuc141      ,     51150,
 198,   1,    -1,   210,    -1,   235,   206,  12.0,   11,  Nuc142      ,     12705,
 199,   1,    -1,   203,    -1,   242,   145,  12.0,   13,  Nuc143      ,     41209,
 200,   0,    -1,     0,    -1,   252,   139,  12.0,   11,  nill        ,     20078,
 201,   0,    -1,     0,    -1,   259,   191,  12.0,   11,  nill        ,     12994,
 202,   1,    -1,    87,    -1,   260,    29,  12.0,   11,  Nuc144      ,      3441,
 203,   1,    -1,   220,    -1,   175,   133,  13.0,   11,  Nuc145      ,     15056,
 204,   1,    -1,    55,    -1,   177,   161,  13.0,   11,  Nuc146      ,     15981,
 205,   1,    -1,   914,    -1,   188,   191,  13.0,    9,  Nuc147      ,      5385,
 206,   1,    -1,    -1,    -1,   190,   202,  13.0,   11,  Nuc148      ,      9699,
 207,   1,    -1,   216,    -1,   191,   173,  13.0,    9,  Nuc149      ,      7372,
 208,   1,    -1,     2,    -1,   205,   207,  13.0,   11,  Nuc150      ,     10534,
 209,   1,    -1,   965,  1049,   214,   181,  13.0,   12,  Nuc151      ,     23041,
 210,   1,    -1,   265,    -1,   225,   133,  13.0,   11,  Nuc152      ,     17239,
 211,   1,    -1,   267,    -1,   243,   169,  13.0,   11,  Nuc153      ,     13047,
 212,   1,    -1,   325,    -1,   246,   126,  13.0,   11,  Nuc154      ,     20154,
 213,   1,    -1,   327,    -1,   255,   149,  13.0,   11,  Nuc155      ,     20439,
 214,   0,    -1,     0,    -1,   258,   181,  13.0,   13,  nill        ,     29602,
 215,   0,    -1,     0,    -1,   262,   157,  13.0,   11,  nill        ,     18838,
 216,   0,    -1,     0,    -1,   264,   171,  13.0,   13,  nill        ,     31227,
 217,   0,    -1,     0,    -1,   269,   159,  13.0,   11,  nill        ,     18010,
 218,   0,    -1,     0,    -1,   298,   198,  13.0,   11,  nill        ,      4534,
 219,   1,    -1,    69,   964,   169,   160,  14.0,   13,  Nuc156      ,     25167,
 220,   1,    -1,   913,    -1,   178,   142,  14.0,    9,  Nuc157      ,      6915,
 221,   1,    -1,    63,    -1,   182,   187,  14.0,   11,  Nuc158      ,     11892,
 222,   1,    -1,    57,   911,   183,   114,  14.0,   13,  Nuc159      ,     31633,
 223,   1,    -1,    76,   243,   184,   129,  14.0,   11,  Nuc160      ,     15497,
 224,   1,    -1,   278,    -1,   185,   175,  14.0,   12,  Nuc161      ,     28398,
 225,   1,    -1,    64,    -1,   186,   140,  14.0,   12,  Nuc162      ,     23549,
 226,   1,    -1,   229,    -1,   197,   208,  14.0,   11,  Nuc163      ,      9777,
 227,   1,    -1,   262,    -1,   206,   101,  14.0,   11,  Nuc164      ,     25033,
 228,   1,    -1,   233,    -1,   216,   105,  14.0,   13,  Nuc165      ,     42931,
 229,   1,    -1,    78,   264,   226,    96,  14.0,   15,  Nuc166      ,     67961,
 230,   1,    -1,   247,    -1,   228,   164,  14.0,   11,  Nuc167      ,     17139,
 231,   1,    -1,   285,    -1,   232,    86,  14.0,   11,  Nuc168      ,     22946,
 232,   0,    -1,     0,    -1,   246,   205,  14.0,   12,  nill        ,     20314,
 233,   0,    -1,     0,    -1,   263,   140,  14.0,   13,  nill        ,     33432,
 234,   0,    -1,     0,    -1,   269,   207,  14.0,   11,  nill        ,     11837,
 235,   0,    -1,     0,    -1,   297,   134,  14.0,    9,  nill        ,      1907,
 236,   1,    -1,   239,    -1,   169,   121,  15.0,   13,  Nuc169      ,     28477,
 237,   1,    -1,    66,    -1,   170,   137,  15.0,   11,  Nuc170      ,     15246,
 238,   1,    -1,   227,    -1,   171,   152,  15.0,   11,  Nuc171      ,     13537,
 239,   1,    -1,    11,   238,   172,   175,  15.0,   13,  Nuc172      ,     25288,
 240,   1,    -1,  1059,    -1,   174,    66,  15.0,    9,  Nuc173      ,      1813,
 241,   1,    -1,   808,    -1,   179,   101,  15.0,   12,  Nuc174      ,     24086,
 242,   1,    -1,    -1,    -1,   179,   199,  15.0,   11,  Nuc175      ,      7134,
 243,   1,    -1,    58,   912,   188,   208,  15.0,   11,  Nuc176      ,      8627,
 244,   1,    -1,    -1,    -1,   198,   107,  15.0,   15,  Nuc177      ,     58189,
 245,   1,    -1,   232,   340,   209,   115,  15.0,   11,  Nuc178      ,     20281,
 246,   1,    -1,   263,    -1,   212,    88,  15.0,   15,  Nuc179      ,     70966,
 247,   1,    -1,   245,    -1,   212,   217,  15.0,   11,  Nuc180      ,      8677,
 248,   1,    -1,   370,   440,   222,   191,  15.0,    9,  Nuc181      ,      4761,
 249,   1,    -1,    71,   296,   225,    86,  15.0,   11,  Nuc182      ,     23366,
 250,   0,    -1,     0,    -1,   262,   216,  15.0,   11,  nill        ,      9081,
 251,   1,    -1,    26,    -1,   268,   145,  15.0,   11,  Nuc183      ,     16560,
 252,   0,    -1,     0,    -1,   268,   186,  15.0,   13,  nill        ,     27709,
 253,   1,    -1,   268,    -1,   270,   169,  15.0,    9,  Nuc184      ,      8981,
 254,   0,    -1,     0,    -1,   276,   156,  15.0,   11,  nill        ,     17448,
 255,   1,    -1,   156,   811,   189,   236,  16.0,   13,  Nuc185      ,      5854,
 256,   1,    -1,   280,    -1,   201,   172,  16.0,    9,  Nuc186      ,      4670,
 257,   1,    -1,   368,    -1,   222,   162,  16.0,   11,  Nuc187      ,     13230,
 258,   1,    -1,   927,    -1,   239,   177,  16.0,   13,  Nuc188      ,     22495,
 259,   1,    -1,  1062,    -1,   252,    76,  16.0,   13,  Nuc189      ,     41991,
 260,   1,    -1,  1063,    -1,   272,   134,  16.0,   13,  Nuc190      ,     31079,
 261,   1,    -1,  1064,    -1,   273,   196,  16.0,   11,  Nuc191      ,     14410,
 262,   1,    -1,   328,    -1,   276,   206,  16.0,   11,  Nuc192      ,     11329,
 263,   1,    -1,    -1,    -1,   149,   180,  17.0,   11,  Nuc193      ,      5119,
 264,   1,    -1,   241,    -1,   185,   152,  17.0,   11,  Nuc194      ,     11311,
 265,   1,    -1,    16,   834,   197,    31,  17.0,   13,  Nuc195      ,      7753,
 266,   1,    -1,    74,    -1,   213,    70,  17.0,   11,  Nuc196      ,     25959,
 267,   1,    -1,   163,    -1,   218,    77,  17.0,   11,  Nuc197      ,     26962,
 268,   1,    -1,   814,   234,   223,   159,  17.0,   13,  Nuc198      ,     19843,
 269,   1,    -1,   465,    86,   232,    95,  17.0,   11,  Nuc199      ,     25947,
 270,   1,    -1,   372,    -1,   232,   172,  17.0,   12,  Nuc200      ,     18506,
 271,   1,    -1,   289,   302,   236,     6,  17.0,   15,  Nuc201      ,      6904,
 272,   1,    -1,    13,   401,   245,   202,  17.0,   11,  Nuc202      ,     11625,
 273,   1,    -1,    -1,    -1,   250,   220,  17.0,   12,  Nuc203      ,     12584,
 274,   1,    -1,   428,    -1,   257,   207,  17.0,   15,  Nuc204      ,     33903,
 275,   0,    -1,     0,    -1,   260,   101,  17.0,   11,  nill        ,     24607,
 276,   1,    -1,  1066,    -1,   269,   119,  17.0,   13,  Nuc205      ,     36695,
 277,   1,    -1,   306,   448,   271,     4,  17.0,   12,  Nuc206      ,      3091,
 278,   0,    -1,     0,    -1,   276,   122,  17.0,   11,  nill        ,     17975,
 279,   1,    -1,   224,   311,   157,   155,  18.0,   12,  Nuc207      ,     14878,
 280,   1,    -1,   336,    -1,   164,   180,  18.0,   11,  Nuc208      ,     10909,
 281,   1,    -1,   256,    -1,   168,   100,  18.0,   11,  Nuc209      ,     13541,
 282,   1,    -1,   242,   359,   188,   219,  18.0,   13,  Nuc210      ,     14095,
 283,   1,    -1,  1068,    -1,   196,   164,  18.0,   15,  Nuc211      ,     20772,
 284,   1,    -1,   398,    -1,   205,   120,  18.0,    9,  Nuc212      ,      6647,
 285,   1,    -1,   281,   295,   213,   188,  18.0,    9,  Nuc213      ,      2776,
 286,   1,    -1,   318,   319,   218,   239,  18.0,   13,  Nuc214      ,     18399,
 287,   1,    -1,   320,   321,   220,    71,  18.0,    9,  Nuc215      ,     13932,
 288,   1,    -1,   400,    -1,   227,   217,  18.0,    9,  Nuc216      ,      5366,
 289,   1,    -1,   300,   804,   242,    44,  18.0,   11,  Nuc217      ,     18129,
 290,   1,    -1,   443,    80,   248,   182,  18.0,   13,  Nuc218      ,     22012,
 291,   1,    -1,    98,    -1,   251,    52,  18.0,   13,  Nuc219      ,     37557,
 292,   1,    -1,   830,    -1,   257,   158,  18.0,   12,  Nuc220      ,     26645,
 293,   1,    -1,    23,    -1,   256,   168,  18.0,   11,  Nuc221      ,     12739,
 294,   1,    -1,    -1,    -1,   258,     1,  18.0,   12,  Nuc222      ,        18,
 295,   1,    -1,   378,    -1,   263,    77,  18.0,   13,  Nuc223      ,     46658,
 296,   0,    -1,     0,    -1,   265,   199,  18.0,   11,  nill        ,     15718,
 297,   1,    -1,  1070,    -1,   272,    83,  18.0,   13,  Nuc224      ,     41363,
 298,   1,    -1,  1071,    -1,   272,    96,  18.0,   13,  Nuc225      ,     38153,
 299,   1,    -1,   466,    -1,   276,   111,  18.0,   11,  Nuc226      ,     20656,
 300,   0,    -1,     0,    -1,   287,   161,  18.0,   13,  nill        ,     29636,
 301,   1,    -1,   333,    -1,   155,   169,  19.0,   13,  Nuc227      ,     14797,
 302,   1,    -1,    62,    -1,   161,   115,  19.0,   11,  Nuc228      ,     14238,
 303,   0,    -1,     0,    -1,   178,   145,  19.0,   13,  nill        ,     17492,
 304,   1,    -1,   357,    -1,   179,   125,  19.0,   13,  Nuc229      ,     21939,
 305,   1,    -1,  1270,    -1,   185,   101,  19.0,   11,  Nuc230      ,     15483,
 306,   1,    -1,   315,   909,   194,    90,  19.0,   11,  Nuc231      ,     17509,
 307,   1,    -1,    -1,    -1,   203,    63,  19.0,   13,  Nuc232      ,     43242,
 308,   1,    -1,   367,    -1,   214,   227,  19.0,   13,  Nuc233      ,     17383,
 309,   1,    -1,   399,    -1,   221,   211,  19.0,   11,  Nuc234      ,      8072,
 310,   1,    -1,    -1,    -1,   227,     4,  19.0,   12,  Nuc235      ,      2817,
 311,   1,    -1,   810,    -1,   228,    46,  19.0,   13,  Nuc236      ,     36350,
 312,   1,    -1,    96,    -1,   228,   124,  19.0,   12,  Nuc237      ,     22419,
 313,   1,    -1,   298,   835,   238,   137,  19.0,   17,  Nuc238      ,     53025,
 314,   1,    -1,   103,   820,   245,   153,  19.0,    9,  Nuc239      ,      4778,
 315,   1,    -1,   195,    -1,   253,   181,  19.0,   11,  Nuc240      ,     11635,
 316,   1,    -1,    -1,    -1,   254,    63,  19.0,   13,  Nuc241      ,     33107,
 317,   1,    -1,    -1,    -1,   254,   192,  19.0,   15,  Nuc242      ,     30768,
 318,   1,    -1,   376,    -1,   262,    48,  19.0,   11,  Nuc243      ,     21076,
 319,   1,    -1,   175,    -1,   267,   159,  19.0,    7,  Nuc244      ,      2458,
 320,   1,    -1,  1074,    -1,   270,    63,  19.0,   13,  Nuc245      ,     34296,
 321,   0,    -1,     0,    -1,   285,   142,  19.0,    7,  nill        ,      4027,
 322,   0,    -1,     0,    -1,   284,   198,  19.0,   11,  nill        ,     14137,
 323,   1,    -1,   348,   385,   286,     1,  19.0,   12,  Nuc246      ,        20,
 324,   0,    -1,     0,    -1,   288,   134,  19.0,   15,  nill        ,     49630,
 325,   1,    -1,   187,    -1,   157,   145,  20.0,    9,  Nuc247      ,      4369,
 326,   1,    -1,   254,   255,   163,   198,  20.0,   13,  Nuc248      ,     17166,
 327,   1,    -1,    19,    -1,   180,    79,  20.0,   11,  Nuc249      ,     17241,
 328,   0,    -1,     0,    -1,   188,   194,  20.0,   11,  nill        ,      6416,
 329,   1,    -1,     9,    94,   196,   226,  20.0,   11,  Nuc250      ,      7991,
 330,   1,    -1,   160,    -1,   211,   203,  20.0,   11,  Nuc251      ,      6830,
 331,   1,    -1,   437,   827,   223,   108,  20.0,   11,  Nuc252      ,     16994,
 332,   1,    -1,   423,   848,   232,   208,  20.0,   12,  Nuc253      ,     10828,
 333,   1,    -1,   464,   101,   233,    58,  20.0,   11,  Nuc254      ,     23644,
 334,   1,    -1,    85,    -1,   237,    24,  20.0,   11,  Nuc255      ,     18552,
 335,   1,    -1,   478,    -1,   247,   139,  20.0,   11,  Nuc256      ,     11922,
 336,   0,    -1,     0,    -1,   284,   117,  20.0,   11,  nill        ,     20553,
 337,   1,    -1,    -1,    -1,   132,   142,  21.0,   13,  Nuc257      ,      9751,
 338,   1,    -1,    -1,    -1,   169,   234,  21.0,   11,  Nuc258      ,      4481,
 339,   0,    -1,     0,    -1,   171,   125,  21.0,   11,  nill        ,     12677,
 340,   1,    -1,   291,    -1,   171,   210,  21.0,   11,  Nuc259      ,      9118,
 341,   1,    -1,    15,   495,   197,    13,  21.0,   11,  Nuc260      ,      4457,
 342,   1,    -1,    -1,    -1,   197,    58,  21.0,   13,  Nuc261      ,     40109,
 343,   1,    -1,   344,    -1,   220,    48,  21.0,   11,  Nuc262      ,     22463,
 344,   1,    -1,    95,    -1,   227,    39,  21.0,    9,  Nuc263      ,     13660,
 345,   1,    -1,   297,   498,   229,   254,  21.0,   13,  Nuc264      ,      8097,
 346,   1,    -1,   441,    -1,   232,    18,  21.0,   13,  Nuc265      ,     28516,
 347,   1,    -1,    -1,    -1,   245,   126,  21.0,    9,  Nuc266      ,      6489,
 348,   1,    -1,   113,    -1,   266,   214,  21.0,   11,  Nuc267      ,      9934,
 349,   1,    -1,   447,    -1,   271,    73,  21.0,   11,  Nuc268      ,     25644,
 350,   1,    -1,   481,    -1,   274,   203,  21.0,   11,  Nuc269      ,     13769,
 351,   1,    -1,   505,    -1,   277,    81,  21.0,   12,  Nuc270      ,     40065,
 352,   1,    -1,   104,    -1,   281,    66,  21.0,   13,  Nuc271      ,     38432,
 353,   0,    -1,     0,    -1,   295,   178,  21.0,   11,  nill        ,     16323,
 354,   0,    -1,     0,    -1,   295,   127,  21.0,   13,  nill        ,     31375,
 355,   1,    -1,    14,    -1,   152,   112,  22.0,   11,  Nuc272      ,     11711,
 356,   1,    -1,    -1,    -1,   159,   189,  22.0,   11,  Nuc273      ,      9798,
 357,   1,    -1,     4,   332,   161,   211,  22.0,   11,  Nuc274      ,      8584,
 358,   1,    -1,   123,    -1,   235,   246,  22.0,   15,  Nuc275      ,     21743,
 359,   1,    -1,    -1,    -1,   255,   142,  22.0,   11,  Nuc276      ,      9557,
 360,   1,    -1,    -1,    -1,   272,   187,  22.0,   11,  Nuc277      ,     10699,
 361,   1,    -1,   843,    -1,   273,   212,  22.0,   11,  Nuc278      ,     11814,
 362,   0,    -1,     0,    -1,   280,   230,  22.0,   11,  nill        ,     11183,
 363,   1,    -1,    89,    -1,   284,    47,  22.0,    9,  Nuc279      ,     12361,
 364,   0,    -1,     0,    -1,   291,   119,  22.0,   13,  nill        ,     36436,
 365,   0,    -1,     0,    -1,   293,   148,  22.0,   11,  nill        ,     21960,
 366,   1,    -1,   330,   824,   146,   156,  23.0,   11,  Nuc280      ,      8258,
 367,   1,    -1,   165,    -1,   149,   151,  23.0,   11,  Nuc281      ,      8955,
 368,   1,    -1,   471,   818,   149,    56,  23.0,   11,  Nuc282      ,      2978,
 369,   1,    -1,    18,   331,   161,    83,  23.0,   13,  Nuc283      ,     27958,
 370,   1,    -1,   472,    -1,   164,    62,  23.0,   11,  Nuc284      ,     12028,
 371,   1,    -1,   854,    -1,   177,    65,  23.0,    9,  Nuc285      ,      7329,
 372,   1,    -1,   358,   393,   177,   102,  23.0,   12,  Nuc286      ,     16808,
 373,   1,    -1,    -1,    -1,   182,   246,  23.0,   11,  Nuc287      ,      3118,
 374,   1,    -1,   189,   930,   194,    90,  23.0,   11,  Nuc288      ,     12760,
 375,   1,    -1,   365,    -1,   209,    34,  23.0,   11,  Nuc289      ,     15519,
 376,   1,    -1,   517,    -1,   223,    96,  23.0,   11,  Nuc290      ,     14474,
 377,   1,    -1,   541,   919,   227,    86,  23.0,    7,  Nuc291      ,      2643,
 378,   1,    -1,   188,    -1,   237,    77,  23.0,   11,  Nuc292      ,     13549,
 379,   1,    -1,    -1,    -1,   238,   119,  23.0,   11,  Nuc293      ,      9547,
 380,   1,    -1,   375,   968,   247,    42,  23.0,   13,  Nuc294      ,     35504,
 381,   1,    -1,   408,   836,   263,    73,  23.0,   12,  Nuc295      ,     41044,
 382,   1,    -1,    -1,    -1,   270,   169,  23.0,   11,  Nuc296      ,      8329,
 383,   1,    -1,   446,    -1,   272,   124,  23.0,    9,  Nuc297      ,      7561,
 384,   1,    -1,    30,    -1,   285,    57,  23.0,   13,  Nuc298      ,     41652,
 385,   0,    -1,     0,    -1,   290,   218,  23.0,   13,  nill        ,     19700,
 386,   0,    -1,     0,    -1,   297,   188,  23.0,   11,  nill        ,     14065,
 387,   1,    -1,  1088,    -1,   301,    40,  23.0,   13,  Nuc299      ,     28701,
 388,   1,    -1,    -1,    -1,   144,   174,  24.0,   11,  Nuc300      ,      8433,
 389,   1,    -1,    -1,    -1,   150,   119,  24.0,    9,  Nuc301      ,      5765,
 390,   1,    -1,   915,    -1,   153,    90,  24.0,   11,  Nuc302      ,     13357,
 391,   1,    -1,   411,    -1,   160,    96,  24.0,   11,  Nuc303      ,     16554,
 392,   1,    -1,   391,    -1,   169,    72,  24.0,   12,  Nuc304      ,     28922,
 393,   1,    -1,   435,    -1,   177,    90,  24.0,   12,  Nuc305      ,     19277,
 394,   1,    -1,   460,   847,   210,   234,  24.0,   11,  Nuc306      ,      7480,
 395,   1,    -1,   496,    -1,   217,    80,  24.0,    9,  Nuc307      ,      7736,
 396,   0,    -1,     0,    -1,   228,    16,  24.0,   11,  nill        ,     15387,
 397,   1,    -1,   857,    -1,   238,    12,  24.0,   12,  Nuc308      ,     26204,
 398,   1,    -1,   545,    -1,   260,     1,  24.0,   12,  Nuc309      ,        42,
 399,   1,    -1,   483,   855,   279,   147,  24.0,   11,  Nuc310      ,     14459,
 400,   1,    -1,    -1,    -1,   281,   174,  24.0,   13,  Nuc311      ,     21557,
 401,   1,    -1,   508,   526,   288,    18,  24.0,   15,  Nuc312      ,     56671,
 402,   1,    -1,  1090,    -1,   294,   101,  24.0,    9,  Nuc313      ,     12473,
 403,   0,    -1,     0,    -1,   296,   109,  24.0,   11,  nill        ,     19300,
 404,   0,    -1,     0,    -1,   304,   141,  24.0,   11,  nill        ,     16664,
 405,   1,    -1,   355,    -1,   149,   164,  25.0,   11,  Nuc314      ,      7223,
 406,   1,    -1,   353,    -1,   149,    99,  25.0,   11,  Nuc315      ,      9963,
 407,   1,    -1,    -1,    -1,   156,   192,  25.0,   11,  Nuc316      ,      8665,
 408,   0,    -1,     0,    -1,   156,   144,  25.0,   11,  nill        ,      7653,
 409,   1,    -1,    -1,    -1,   194,   241,  25.0,    9,  Nuc317      ,      2576,
 410,   1,    -1,   394,    -1,   196,    81,  25.0,   11,  Nuc318      ,     12122,
 411,   0,    -1,     0,    -1,   227,    74,  25.0,   11,  nill        ,     12021,
 412,   1,    -1,    37,   971,   280,   157,  25.0,   11,  Nuc319      ,     11476,
 413,   1,    -1,   617,    -1,   284,   254,  25.0,   13,  Nuc320      ,      4352,
 414,   0,    -1,     0,    -1,   299,    96,  25.0,   12,  nill        ,     35402,
 415,   0,    -1,     0,    -1,   302,   123,  25.0,   13,  nill        ,     28947,
 416,   0,    -1,     0,    -1,   304,   185,  25.0,   11,  nill        ,     14074,
 417,   0,    -1,     0,    -1,   313,   174,  25.0,   11,  nill        ,     13759,
 418,   1,    -1,    -1,    -1,   135,   146,  26.0,   11,  Nuc321      ,      8154,
 419,   1,    -1,   389,   431,   139,   105,  26.0,   13,  Nuc322      ,     20746,
 420,   1,    -1,   352,   387,   140,   118,  26.0,   13,  Nuc323      ,     17807,
 421,   1,    -1,    -1,    -1,   147,   195,  26.0,   12,  Nuc324      ,     13484,
 422,   0,    -1,     0,    -1,   158,   119,  26.0,   11,  nill        ,      9271,
 423,   1,    -1,    -1,    -1,   174,    33,  26.0,    9,  Nuc325      ,      2902,
 424,   1,    -1,    25,    -1,   175,    61,  26.0,   11,  Nuc326      ,     15764,
 425,   1,    -1,  1100,    -1,   184,    88,  26.0,    9,  Nuc327      ,      4282,
 426,   1,    -1,   457,    -1,   186,    81,  26.0,   12,  Nuc328      ,     18580,
 427,   1,    -1,   851,    -1,   195,   271,  26.0,   13,  Nuc329      ,      4143,
 428,   1,    -1,   474,    -1,   204,    68,  26.0,   11,  Nuc330      ,     15325,
 429,   1,    -1,   837,    -1,   208,    20,  26.0,   13,  Nuc331      ,     22385,
 430,   0,    -1,     0,    -1,   226,    50,  26.0,    9,  nill        ,      7818,
 431,   0,    -1,     0,    -1,   236,     8,  26.0,   11,  nill        ,     11024,
 432,   1,    -1,   597,    -1,   252,   111,  26.0,   11,  Nuc332      ,     10739,
 433,   1,    -1,   119,    -1,   253,    91,  26.0,   11,  Nuc333      ,     14176,
 434,   1,    -1,   544,    -1,   260,     9,  26.0,    9,  Nuc334      ,      6511,
 435,   1,    -1,    -1,    -1,   268,   245,  26.0,   13,  Nuc335      ,     17140,
 436,   1,    -1,    -1,    -1,   270,   258,  26.0,   11,  Nuc336      ,      3234,
 437,   1,    -1,    -1,    -1,   272,   235,  26.0,   12,  Nuc337      ,     17140,
 438,   1,    -1,   673,   878,   275,   223,  26.0,    9,  Nuc338      ,      5217,
 439,   1,    -1,   507,    -1,   278,     6,  26.0,    9,  Nuc339      ,      3187,
 440,   1,    -1,   484,    -1,   282,    12,  26.0,   11,  Nuc340      ,     18608,
 441,   1,    -1,   601,    -1,   284,   143,  26.0,    9,  Nuc341      ,      7476,
 442,   1,    -1,   571,    -1,   289,    89,  26.0,   11,  Nuc342      ,     20129,
 443,   1,    -1,  1103,    -1,   299,    56,  26.0,   12,  Nuc343      ,     31553,
 444,   0,    -1,     0,    -1,   314,   184,  26.0,   11,  nill        ,     13198,
 445,   1,    -1,    -1,    -1,   138,   205,  27.0,   13,  Nuc344      ,      8797,
 446,   1,    -1,   839,    -1,   146,   108,  27.0,    9,  Nuc345      ,      5045,
 447,   1,    -1,   390,   559,   146,    88,  27.0,    9,  Nuc346      ,      5340,
 448,   1,    -1,    27,    -1,   157,    71,  27.0,   12,  Nuc347      ,     21373,
 449,   1,    -1,   337,   491,   171,    17,  27.0,   11,  Nuc348      ,      5447,
 450,   1,    -1,    -1,    -1,   181,   238,  27.0,   11,  Nuc349      ,      4592,
 451,   1,    -1,  1105,    -1,   211,   272,  27.0,   15,  Nuc350      ,      8966,
 452,   1,    -1,   122,   499,   246,     6,  27.0,   13,  Nuc351      ,     10896,
 453,   1,    -1,  1106,    -1,   251,    19,  27.0,    9,  Nuc352      ,      6267,
 454,   1,    -1,   479,    -1,   256,    27,  27.0,    9,  Nuc353      ,      8189,
 455,   1,    -1,   877,   944,   266,   112,  27.0,   11,  Nuc354      ,      9096,
 456,   1,    -1,   118,    -1,   284,   129,  27.0,    9,  Nuc355      ,      6791,
 457,   1,    -1,   551,    -1,   286,     1,  27.0,   11,  Nuc356      ,         0,
 458,   1,    -1,  1107,    -1,   302,    64,  27.0,   12,  Nuc357      ,     35235,
 459,   0,    -1,     0,    -1,   314,   141,  27.0,   11,  nill        ,     14587,
 460,   0,    -1,     0,    -1,   319,   164,  27.0,   15,  nill        ,     41170,
 461,   1,    -1,   354,   433,   148,   207,  28.0,   13,  Nuc358      ,     10697,
 462,   1,    -1,   469,   832,   147,   219,  28.0,   11,  Nuc359      ,      3775,
 463,   0,    -1,     0,    -1,   153,   120,  28.0,   11,  nill        ,      8086,
 464,   1,    -1,    -1,    -1,   173,   236,  28.0,   11,  Nuc360      ,      4741,
 465,   1,    -1,   416,   596,   182,     5,  28.0,   12,  Nuc361      ,      3250,
 466,   1,    -1,   514,    -1,   183,    19,  28.0,   11,  Nuc362      ,      9800,
 467,   1,    -1,   539,   846,   197,    26,  28.0,   12,  Nuc363      ,     24790,
 468,   0,    -1,     0,    -1,   220,     6,  28.0,   12,  nill        ,     10229,
 469,   0,    -1,     0,    -1,   222,    64,  28.0,    9,  nill        ,      5170,
 470,   1,    -1,   939,    -1,   249,    65,  28.0,   12,  Nuc364      ,     14432,
 471,   1,    -1,   941,    -1,   264,    26,  28.0,    9,  Nuc365      ,      7260,
 472,   1,    -1,   570,    -1,   275,    30,  28.0,   12,  Nuc366      ,     29965,
 473,   1,    -1,    -1,    -1,   279,   209,  28.0,    9,  Nuc367      ,      3661,
 474,   1,    -1,   107,   658,   298,     1,  28.0,   13,  Nuc368      ,        62,
 475,   1,    -1,   686,    -1,   302,   257,  28.0,   15,  Nuc369      ,      8179,
 476,   0,    -1,     0,    -1,   306,   221,  28.0,   11,  nill        ,      9925,
 477,   1,    -1,   879,    -1,   308,    24,  28.0,   13,  Nuc370      ,     39107,
 478,   0,    -1,     0,    -1,   317,   151,  28.0,   12,  nill        ,     32922,
 479,   1,    -1,   511,    -1,   138,   182,  29.0,   13,  Nuc371      ,     12697,
 480,   1,    -1,   109,   454,   142,    83,  29.0,   13,  Nuc372      ,     19950,
 481,   0,    -1,     0,    -1,   149,   173,  29.0,   11,  nill        ,      5528,
 482,   1,    -1,    -1,    -1,   155,   221,  29.0,   11,  Nuc373      ,      4012,
 483,   1,    -1,   538,   613,   187,   278,  29.0,   13,  Nuc374      ,      5148,
 484,   1,    -1,    32,   858,   199,   251,  29.0,   11,  Nuc375      ,      3142,
 485,   1,    -1,   459,   540,   205,    14,  29.0,   13,  Nuc376      ,     19778,
 486,   1,    -1,   562,    -1,   226,   275,  29.0,   11,  Nuc377      ,      1398,
 487,   0,    -1,     0,    -1,   264,    15,  29.0,   13,  nill        ,     20466,
 488,   1,    -1,   503,    -1,   270,    92,  29.0,   11,  Nuc378      ,     11700,
 489,   0,    -1,     0,    -1,   278,    40,  29.0,    9,  nill        ,      8271,
 490,   1,    -1,   619,    -1,   290,   137,  29.0,   12,  Nuc379      ,     21449,
 491,   1,    -1,   618,    -1,   291,   211,  29.0,   11,  Nuc380      ,     12168,
 492,   1,    -1,   134,    -1,   300,   176,  29.0,   11,  Nuc381      ,     13455,
 493,   0,    -1,     0,    -1,   304,   114,  29.0,   11,  nill        ,     20106,
 494,   1,    -1,  1119,    -1,   304,    92,  29.0,   11,  Nuc382      ,     21519,
 495,   1,    -1,   604,    -1,   307,    58,  29.0,   11,  Nuc383      ,     22877,
 496,   1,    -1,   633,    -1,   310,    51,  29.0,   13,  Nuc384      ,     37088,
 497,   1,    -1,  1120,    -1,   310,    97,  29.0,   13,  Nuc385      ,     32788,
 498,   0,    -1,     0,    -1,   313,   112,  29.0,   13,  nill        ,     35726,
 499,   0,    -1,     0,    -1,   322,   159,  29.0,   11,  nill        ,     15987,
 500,   1,    -1,   528,    -1,   326,     1,  29.0,   12,  Nuc386      ,        28,
 501,   1,    -1,    -1,    -1,   114,   159,  30.0,   11,  Nuc387      ,      4311,
 502,   1,    -1,   349,    -1,   126,   162,  30.0,   11,  Nuc388      ,      6133,
 503,   1,    -1,   947,    -1,   164,    55,  30.0,   11,  Nuc389      ,     16014,
 504,   1,    -1,  1123,    -1,   165,    78,  30.0,   12,  Nuc390      ,     17323,
 505,   1,    -1,   841,    -1,   204,    48,  30.0,   12,  Nuc391      ,     18881,
 506,   1,    -1,   585,    -1,   212,     7,  30.0,   11,  Nuc392      ,      7430,
 507,   1,    -1,   938,    -1,   215,    17,  30.0,   11,  Nuc393      ,     11990,
 508,   1,    -1,   191,    -1,   226,     8,  30.0,    9,  Nuc394      ,      4456,
 509,   0,    -1,     0,    -1,   253,    34,  30.0,    9,  nill        ,      4271,
 510,   1,    -1,   568,    -1,   257,    46,  30.0,    9,  Nuc395      ,      4492,
 511,   1,    -1,   615,    -1,   264,    98,  30.0,   11,  Nuc396      ,      8911,
 512,   1,    -1,   943,    -1,   267,    74,  30.0,   12,  Nuc397      ,     21583,
 513,   1,    -1,   587,    -1,   274,    52,  30.0,    9,  Nuc398      ,      6492,
 514,   1,    -1,   196,    -1,   281,    46,  30.0,    9,  Nuc399      ,      8134,
 515,   1,    -1,    46,   137,   288,   150,  30.0,   11,  Nuc400      ,      8930,
 516,   1,    -1,    -1,    -1,   296,   166,  30.0,    9,  Nuc401      ,      5031,
 517,   1,    -1,   883,    -1,   297,    48,  30.0,    9,  Nuc402      ,      9198,
 518,   1,    -1,   467,   621,   306,     1,  30.0,   12,  Nuc403      ,        59,
 519,   0,    -1,     0,    -1,   306,    82,  30.0,   13,  nill        ,     33213,
 520,   1,    -1,    -1,    -1,   311,   104,  30.0,   11,  Nuc404      ,     21787,
 521,   0,    -1,     0,    -1,   318,   215,  30.0,   11,  nill        ,      9430,
 522,   0,    -1,     0,    -1,   319,   112,  30.0,   11,  nill        ,     18945,
 523,   0,    -1,     0,    -1,   326,   182,  30.0,   13,  nill        ,     20199,
 524,   0,    -1,     0,    -1,   327,   169,  30.0,   11,  nill        ,     11831,
 525,   1,    -1,    -1,    -1,   124,    77,  31.0,   11,  Nuc405      ,      4145,
 526,   1,    -1,   578,    -1,   130,   137,  31.0,   11,  Nuc406      ,      8087,
 527,   1,    -1,   429,    -1,   131,   176,  31.0,   13,  Nuc407      ,     14117,
 528,   1,    -1,    -1,    -1,   130,   114,  31.0,   11,  Nuc408      ,     10318,
 529,   1,    -1,    -1,    -1,   146,   237,  31.0,   13,  Nuc409      ,      5104,
 530,   0,    -1,     0,    -1,   147,   137,  31.0,   12,  nill        ,      9922,
 531,   1,    -1,   584,    -1,   188,    63,  31.0,   13,  Nuc410      ,     16675,
 532,   1,    -1,   655,    -1,   278,     1,  31.0,   11,  Nuc411      ,         0,
 533,   1,    -1,   654,    -1,   277,    81,  31.0,   11,  Nuc412      ,     11064,
 534,   1,    -1,   588,    -1,   286,   104,  31.0,   11,  Nuc413      ,     10973,
 535,   1,    -1,   889,    -1,   288,   118,  31.0,   13,  Nuc414      ,     20919,
 536,   1,    -1,   142,    -1,   296,   218,  31.0,   12,  Nuc415      ,     18875,
 537,   0,    -1,     0,    -1,   321,   147,  31.0,   15,  nill        ,     52833,
 538,   0,    -1,     0,    -1,   143,   115,  32.0,    9,  nill        ,      3616,
 539,   0,    -1,     0,    -1,   148,   100,  32.0,   11,  nill        ,      6897,
 540,   1,    -1,    34,    -1,   151,    50,  32.0,   11,  Nuc416      ,     12535,
 541,   0,    -1,     0,    -1,   215,    25,  32.0,   11,  nill        ,      7646,
 542,   1,    -1,   951,    -1,   286,    71,  32.0,   11,  Nuc417      ,     12318,
 543,   1,    -1,   645,    -1,   287,   111,  32.0,    9,  Nuc418      ,      5407,
 544,   0,    -1,     0,    -1,   306,   232,  32.0,   13,  nill        ,     13627,
 545,   1,    -1,  1135,    -1,   312,    67,  32.0,   12,  Nuc419      ,     34119,
 546,   1,    -1,   146,    -1,   313,   176,  32.0,   11,  Nuc420      ,     13062,
 547,   0,    -1,     0,    -1,   349,   195,  32.0,   11,  nill        ,      2706,
 548,   1,    -1,    -1,    -1,   134,    84,  33.0,    9,  Nuc421      ,      6500,
 549,   1,    -1,    -1,    -1,   140,   198,  33.0,   15,  Nuc422      ,     12716,
 550,   1,    -1,   537,   625,   165,     6,  33.0,   13,  Nuc423      ,      3905,
 551,   1,    -1,   663,    -1,   285,    53,  33.0,   11,  Nuc424      ,     11687,
 552,   1,    -1,   723,    -1,   291,   140,  33.0,    9,  Nuc425      ,      4552,
 553,   1,    -1,    -1,    -1,   298,   237,  33.0,   11,  Nuc426      ,      6214,
 554,   0,    -1,     0,    -1,   318,   225,  33.0,   11,  nill        ,      9510,
 555,   0,    -1,     0,    -1,   320,   247,  33.0,   11,  nill        ,      3654,
 556,   0,    -1,     0,    -1,   327,   217,  33.0,   12,  nill        ,     17584,
 557,   0,    -1,     0,    -1,   329,   180,  33.0,   11,  nill        ,     13126,
 558,   0,    -1,     0,    -1,   330,   193,  33.0,   11,  nill        ,     11837,
 559,   1,    -1,   668,    -1,   332,    11,  33.0,   11,  Nuc427      ,     17148,
 560,   1,    -1,  1142,    -1,   344,    17,  33.0,    9,  Nuc428      ,      3851,
 561,   1,    -1,   532,    -1,   120,   142,  34.0,   11,  Nuc429      ,      6696,
 562,   1,    -1,    -1,    -1,   153,   258,  34.0,   13,  Nuc430      ,      3269,
 563,   1,    -1,   626,    -1,   195,     1,  34.0,   12,  Nuc431      ,        21,
 564,   1,    -1,   665,    -1,   289,    38,  34.0,   11,  Nuc432      ,     12810,
 565,   0,    -1,     0,    -1,   332,   150,  34.0,   13,  nill        ,     23613,
 566,   0,    -1,     0,    -1,   335,   173,  34.0,   12,  nill        ,     17508,
 567,   1,    -1,    -1,    -1,   117,   123,  35.0,   11,  Nuc433      ,      8951,
 568,   1,    -1,    -1,    -1,   116,   195,  35.0,   13,  Nuc434      ,      5821,
 569,   1,    -1,   533,   869,   122,   105,  35.0,   13,  Nuc435      ,     17437,
 570,   1,    -1,    -1,    -1,   122,   185,  35.0,   11,  Nuc436      ,      4237,
 571,   1,    -1,    -1,    -1,   123,   165,  35.0,   11,  Nuc437      ,      6946,
 572,   1,    -1,   703,    -1,   293,    79,  35.0,   12,  Nuc438      ,     18434,
 573,   1,    -1,   183,   893,   304,   144,  35.0,   11,  Nuc439      ,      9580,
 574,   1,    -1,    -1,    -1,   313,   201,  35.0,    9,  Nuc440      ,      3698,
 575,   0,    -1,     0,    -1,   320,   138,  35.0,    9,  nill        ,      5823,
 576,   0,    -1,     0,    -1,   328,   112,  35.0,   11,  nill        ,     13525,
 577,   0,    -1,     0,    -1,   331,   132,  35.0,   13,  nill        ,     20362,
 578,   1,    -1,   574,   861,   116,   134,  36.0,   11,  Nuc441      ,      6925,
 579,   1,    -1,   579,   608,   124,   212,  36.0,   13,  Nuc442      ,      4526,
 580,   0,    -1,     0,    -1,   147,    85,  36.0,    9,  nill        ,      3530,
 581,   1,    -1,    -1,    -1,   162,     3,  36.0,   12,  Nuc443      ,       940,
 582,   0,    -1,     0,    -1,   185,     4,  36.0,   12,  nill        ,      2960,
 583,   1,    -1,   724,    -1,   295,    57,  36.0,   12,  Nuc444      ,     16763,
 584,   1,    -1,   677,    -1,   299,    79,  36.0,   11,  Nuc445      ,     11593,
 585,   1,    -1,   890,    -1,   304,    23,  36.0,   12,  Nuc446      ,     18012,
 586,   1,    -1,   712,    -1,   309,   220,  36.0,    9,  Nuc447      ,      4583,
 587,   1,    -1,    -1,    -1,   311,   162,  36.0,   12,  Nuc448      ,     12106,
 588,   1,    -1,   902,    -1,   323,   184,  36.0,    9,  Nuc449      ,      6480,
 589,   0,    -1,     0,    -1,   337,   167,  36.0,   13,  nill        ,     18993,
 590,   0,    -1,     0,    -1,   125,   149,  37.0,   11,  nill        ,      5107,
 591,   1,    -1,   580,   647,   129,   238,  37.0,   15,  Nuc450      ,      7280,
 592,   0,    -1,     0,    -1,   195,    11,  37.0,    9,  nill        ,      3328,
 593,   1,    -1,    -1,    -1,   314,   151,  37.0,   13,  Nuc451      ,     19314,
 594,   1,    -1,   680,   692,   334,    24,  37.0,   13,  Nuc452      ,     30767,
 595,   0,    -1,     0,    -1,   338,   204,  37.0,   13,  nill        ,     17309,
 596,   1,    -1,   731,   891,   337,     7,  37.0,   15,  Nuc453      ,     27986,
 597,   1,    -1,   555,   637,   112,   116,  38.0,   11,  Nuc454      ,      7224,
 598,   0,    -1,     0,    -1,   165,    53,  38.0,    9,  nill        ,      4582,
 599,   0,    -1,     0,    -1,   174,    44,  38.0,    9,  nill        ,      4202,
 600,   1,    -1,   753,   777,   317,   234,  38.0,   12,  Nuc455      ,     12797,
 601,   0,    -1,     0,    -1,   339,   192,  38.0,   11,  nill        ,      9730,
 602,   1,    -1,    -1,    -1,   111,   176,  39.0,   13,  Nuc456      ,      7019,
 603,   1,    -1,   885,    -1,   112,   110,  39.0,   13,  Nuc457      ,     12121,
 604,   1,    -1,   886,    -1,   164,    14,  39.0,   11,  Nuc458      ,      9219,
 605,   1,    -1,   711,    -1,   309,    50,  39.0,   11,  Nuc459      ,     13042,
 606,   0,    -1,     0,    -1,   317,     6,  39.0,   12,  nill        ,      6445,
 607,   1,    -1,   745,    -1,   318,   225,  39.0,   12,  Nuc460      ,     17295,
 608,   1,    -1,   714,   901,   320,    83,  39.0,    9,  Nuc461      ,      7147,
 609,   1,    -1,   717,   761,   322,    70,  39.0,   15,  Nuc462      ,     41887,
 610,   1,    -1,   147,   746,   329,    34,  39.0,   11,  Nuc463      ,     15794,
 611,   0,    -1,     0,    -1,   343,   208,  39.0,   11,  nill        ,     10505,
 612,   1,    -1,   669,    -1,   108,   128,  40.0,   13,  Nuc464      ,     10559,
 613,   1,    -1,   141,    -1,   111,   137,  40.0,   13,  Nuc465      ,      9856,
 614,   1,    -1,   892,    -1,   118,    98,  40.0,   11,  Nuc466      ,      8131,
 615,   1,    -1,    51,    -1,   314,   214,  40.0,   11,  Nuc467      ,      7594,
 616,   1,    -1,    50,   956,   316,   118,  40.0,    9,  Nuc468      ,      4216,
 617,   1,    -1,   764,    -1,   318,   105,  40.0,    9,  Nuc469      ,      4436,
 618,   1,    -1,   765,    -1,   323,   131,  40.0,    9,  Nuc470      ,      5306,
 619,   1,    -1,  1158,    -1,   328,    81,  40.0,   13,  Nuc471      ,     24345,
 620,   0,    -1,     0,    -1,   335,   115,  40.0,   11,  nill        ,     11144,
 621,   0,    -1,     0,    -1,   337,   142,  40.0,   11,  nill        ,     12952,
 622,   0,    -1,     0,    -1,   343,   179,  40.0,   11,  nill        ,      9462,
 623,   0,    -1,     0,    -1,   346,   167,  40.0,    9,  nill        ,      4879,
 624,   1,    -1,   634,   635,   106,   140,  41.0,   11,  Nuc472      ,      4741,
 625,   1,    -1,    -1,    -1,   135,   257,  41.0,   11,  Nuc473      ,      1136,
 626,   1,    -1,   672,    -1,   147,    39,  41.0,   12,  Nuc474      ,     22127,
 627,   1,    -1,   682,    -1,   160,    24,  41.0,   12,  Nuc475      ,     18353,
 628,   1,    -1,    48,    -1,   186,   295,  41.0,   11,  Nuc476      ,      1928,
 629,   1,    -1,   627,    -1,   202,   293,  41.0,   13,  Nuc477      ,      3966,
 630,   1,    -1,   898,    -1,   322,   212,  41.0,   13,  Nuc478      ,     14231,
 631,   1,    -1,   766,   790,   324,   161,  41.0,   11,  Nuc479      ,      7742,
 632,   0,    -1,     0,    -1,   333,    99,  41.0,   15,  nill        ,     32535,
 633,   1,    -1,   730,    -1,   338,    36,  41.0,   11,  Nuc480      ,     14767,
 634,   1,    -1,    -1,    -1,   105,   157,  42.0,   12,  Nuc481      ,      7984,
 635,   1,    -1,    -1,    -1,   138,    48,  42.0,   11,  Nuc482      ,     10176,
 636,   0,    -1,     0,    -1,   173,     9,  42.0,   11,  nill        ,      7412,
 637,   1,    -1,   771,    -1,   333,   183,  42.0,   12,  Nuc483      ,     15340,
 638,   0,    -1,     0,    -1,   349,   206,  42.0,   13,  nill        ,     17585,
 639,   1,    -1,    -1,    -1,   107,   111,  43.0,   11,  Nuc484      ,      5901,
 640,   1,    -1,    -1,    -1,   117,    79,  43.0,    9,  Nuc485      ,      4007,
 641,   1,    -1,   145,    -1,   127,    62,  43.0,   11,  Nuc486      ,      8727,
 642,   1,    -1,   903,    -1,   328,   224,  43.0,   11,  Nuc487      ,      8982,
 643,   1,    -1,   791,    -1,   329,   236,  43.0,    9,  Nuc488      ,      1856,
 644,   0,    -1,     0,    -1,   335,   111,  44.0,   13,  nill        ,     20210,
 645,   1,    -1,  1167,    -1,   350,    41,  44.0,   15,  Nuc489      ,     39217,
 646,   0,    -1,     0,    -1,   351,   172,  44.0,   13,  nill        ,     18600,
 647,   0,    -1,     0,    -1,   181,     1,  45.0,   12,  nill        ,        15,
 648,   1,    -1,  1264,    -1,   336,    72,  45.0,   13,  Nuc490      ,     23019,
 649,   1,    -1,  1170,    -1,   339,    83,  45.0,   13,  Nuc491      ,     22342,
 650,   1,    -1,   772,    -1,   347,    51,  45.0,   11,  Nuc492      ,     13456,
 651,   0,    -1,     0,    -1,   347,   143,  45.0,   13,  nill        ,     25762,
 652,   1,    -1,  1274,    -1,   356,     7,  45.0,   13,  Nuc493      ,     17787,
 653,   1,    -1,   695,    -1,   126,    56,  46.0,   11,  Nuc494      ,      9664,
 654,   1,    -1,   722,   736,   154,     9,  46.0,   11,  Nuc495      ,      6365,
 655,   1,    -1,   897,    -1,   168,     1,  46.0,   12,  Nuc496      ,        20,
 656,   1,    -1,   904,    -1,   332,   208,  46.0,   11,  Nuc497      ,      5963,
 657,   0,    -1,     0,    -1,   336,   198,  46.0,   13,  nill        ,     12822,
 658,   1,    -1,   796,    -1,   335,   154,  47.0,    9,  Nuc498      ,      3473,
 659,   1,    -1,   778,   785,   340,    60,  47.0,   11,  Nuc499      ,     12003,
 660,   0,    -1,     0,    -1,   340,    97,  47.0,   11,  nill        ,     10260,
 661,   0,    -1,     0,    -1,   341,    10,  47.0,    9,  nill        ,      4419,
 662,   0,    -1,     0,    -1,   344,   111,  47.0,   13,  nill        ,     18638,
 663,   1,    -1,   733,    -1,   135,    32,  48.0,   11,  Nuc500      ,     10977,
 664,   1,    -1,   734,    -1,   144,    14,  48.0,   12,  Nuc501      ,     11006,
 665,   0,    -1,     0,    -1,   158,    19,  48.0,    9,  nill        ,      3806,
 666,   1,    -1,  1176,    -1,   356,    25,  48.0,   11,  Nuc502      ,     14632,
 667,   0,    -1,     0,    -1,   359,   202,  48.0,   11,  nill        ,      9680,
 668,   1,    -1,  1178,    -1,   364,     4,  48.0,   12,  Nuc503      ,      4564,
 669,   1,    -1,    -1,    -1,   118,    60,  49.0,   11,  Nuc504      ,      8060,
 670,   0,    -1,     0,    -1,   189,   303,  49.0,   13,  nill        ,      3380,
 671,   1,    -1,   795,    -1,   332,   129,  49.0,    9,  Nuc505      ,      3671,
 672,   1,    -1,   762,    -1,   357,    36,  49.0,   11,  Nuc506      ,     14435,
 673,   1,    -1,    -1,    -1,    92,   131,  50.0,   13,  Nuc507      ,      5053,
 674,   0,    -1,     0,    -1,   348,   234,  50.0,   11,  nill        ,      6586,
 675,   0,    -1,     0,    -1,   357,   159,  50.0,   11,  nill        ,      9931,
 676,   0,    -1,     0,    -1,   140,    25,  51.0,   11,  nill        ,      9727,
 677,   0,    -1,     0,    -1,   347,   104,  51.0,   11,  nill        ,     10613,
 678,   0,    -1,     0,    -1,   347,   190,  51.0,   11,  nill        ,      8152,
 679,   1,    -1,  1185,    -1,   365,     1,  51.0,   12,  Nuc508      ,        43,
 680,   0,    -1,     0,    -1,   365,   199,  51.0,   12,  nill        ,     14366,
 681,   1,    -1,  1187,    -1,   370,    20,  51.0,   13,  Nuc509      ,     19294,
 682,   1,    -1,    -1,    -1,   123,    49,  52.0,   11,  Nuc510      ,     10295,
 683,   0,    -1,     0,    -1,   338,    81,  52.0,    9,  nill        ,      5212,
 684,   0,    -1,     0,    -1,   341,    36,  52.0,   11,  nill        ,      7607,
 685,   0,    -1,     0,    -1,   345,    82,  52.0,    9,  nill        ,      4642,
 686,   0,    -1,     0,    -1,   365,   214,  52.0,   11,  nill        ,      7398,
 687,   1,    -1,   200,    -1,   220,   147,   8.0,    9,  Nuc511      ,      8933,
 688,   1,    -1,  1192,    -1,   224,   230,   9.0,   11,  Nuc512      ,      5004,
 689,   0,    -1,     0,    -1,   264,   171,   9.0,    7,  nill        ,      1030,
 690,   1,    -1,   908,    -1,   221,   123,  11.0,   13,  Nuc513      ,     32691,
 691,   1,    -1,    77,   266,   224,   192,  11.0,    9,  Nuc514      ,      7038,
 692,   0,    -1,     0,    -1,   227,   202,  11.0,   11,  nill        ,     13877,
 693,   1,    -1,  1195,    -1,   184,   176,  12.0,   11,  Nuc515      ,     16190,
 694,   1,    -1,   212,   213,   165,   144,  13.0,    9,  Nuc516      ,      4823,
 695,   1,    -1,    12,    -1,   235,   151,  13.0,    9,  Nuc517      ,     10060,
 696,   1,    -1,  1196,    -1,   242,   132,  13.0,   11,  Nuc518      ,     19385,
 697,   1,    -1,   158,    -1,   201,   167,  14.0,    9,  Nuc519      ,      5999,
 698,   1,    -1,  1266,    -1,   239,   184,  14.0,   13,  Nuc520      ,     28155,
 699,   0,    -1,     0,    -1,   259,   204,  14.0,   11,  nill        ,     12541,
 700,   1,    -1,   380,    -1,   252,   160,  15.0,    9,  Nuc521      ,      8837,
 701,   1,    -1,  1198,    -1,   275,    41,  15.0,   13,  Nuc522      ,     16711,
 702,   0,    -1,     0,    -1,   196,   180,  16.0,    9,  nill        ,      5419,
 703,   1,    -1,   341,    -1,   211,   164,  16.0,   13,  Nuc523      ,     21297,
 704,   1,    -1,    -1,    -1,   220,   136,  16.0,   15,  Nuc524      ,     44131,
 705,   1,    -1,   381,    -1,   259,    50,  16.0,   13,  Nuc525      ,     23607,
 706,   1,    -1,   226,    -1,   163,   123,  17.0,   11,  Nuc526      ,     16841,
 707,   1,    -1,   277,    -1,   184,   167,  17.0,   11,  Nuc527      ,     13122,
 708,   1,    -1,   157,   294,   218,    57,  17.0,   15,  Nuc528      ,     56874,
 709,   1,    -1,   374,   928,   240,   163,  17.0,   11,  Nuc529      ,     12009,
 710,   1,    -1,   324,    -1,   244,   142,  17.0,   13,  Nuc530      ,     28804,
 711,   1,    -1,   176,   404,   247,   209,  17.0,   11,  Nuc531      ,     10247,
 712,   1,    -1,   274,    -1,   168,   158,  18.0,   13,  Nuc532      ,     21734,
 713,   1,    -1,    -1,    -1,   237,   123,  18.0,   11,  Nuc533      ,     16410,
 714,   1,    -1,  1200,    -1,   257,   150,  18.0,   11,  Nuc534      ,     16387,
 715,   0,    -1,     0,    -1,   291,   148,  18.0,   11,  nill        ,     12449,
 716,   1,    -1,   805,    -1,   163,    61,  19.0,   11,  Nuc535      ,      5764,
 717,   1,    -1,   335,    -1,   166,   135,  19.0,   13,  Nuc536      ,     22496,
 718,   1,    -1,   415,   185,   181,   116,  19.0,    9,  Nuc537      ,      6451,
 719,   1,    -1,   312,    -1,   181,   188,  19.0,   11,  Nuc538      ,      9093,
 720,   1,    -1,   397,    -1,   211,   102,  19.0,   11,  Nuc539      ,     18734,
 721,   1,    -1,   422,    -1,   228,   224,  19.0,   11,  Nuc540      ,     10669,
 722,   1,    -1,    -1,    -1,   274,   157,  19.0,   11,  Nuc541      ,     13840,
 723,   1,    -1,   167,    -1,   202,   109,  20.0,   11,  Nuc542      ,     15360,
 724,   0,    -1,     0,    -1,   216,    87,  20.0,    9,  nill        ,     10145,
 725,   1,    -1,  1202,    -1,   264,   201,  20.0,   11,  Nuc543      ,     13368,
 726,   1,    -1,    -1,    -1,   250,    70,  21.0,    9,  Nuc544      ,      8877,
 727,   1,    -1,   169,    -1,   269,    93,  21.0,   13,  Nuc545      ,     41997,
 728,   0,    -1,     0,    -1,   289,   158,  21.0,   11,  nill        ,     18134,
 729,   0,    -1,     0,    -1,   292,   135,  21.0,   11,  nill        ,     17965,
 730,   0,    -1,     0,    -1,   301,   149,  21.0,   11,  nill        ,     13061,
 731,   1,    -1,   412,    -1,   159,   106,  22.0,   11,  Nuc546      ,     14423,
 732,   1,    -1,   523,    -1,   279,   120,  22.0,   11,  Nuc547      ,     18721,
 733,   1,    -1,   392,    -1,   165,   201,  23.0,   11,  Nuc548      ,     10068,
 734,   1,    -1,    83,    -1,   174,   218,  23.0,   13,  Nuc549      ,     12622,
 735,   1,    -1,   116,   362,   197,    26,  23.0,    9,  Nuc550      ,      4153,
 736,   1,    -1,   515,    -1,   205,   250,  23.0,   12,  Nuc551      ,      9683,
 737,   1,    -1,   475,    -1,   215,    67,  23.0,   11,  Nuc552      ,     17515,
 738,   1,    -1,   402,    -1,   252,    78,  23.0,   11,  Nuc553      ,     17301,
 739,   0,    -1,     0,    -1,   261,   101,  23.0,    9,  nill        ,      8374,
 740,   1,    -1,   520,    -1,   265,   246,  23.0,   13,  Nuc554      ,     15803,
 741,   1,    -1,  1207,    -1,   301,    64,  23.0,   11,  Nuc555      ,     12269,
 742,   1,    -1,  1208,    -1,   179,    76,  24.0,   11,  Nuc556      ,     15415,
 743,   1,    -1,   396,    -1,   198,   229,  24.0,   11,  Nuc557      ,      5921,
 744,   1,    -1,   931,    -1,   250,    51,  24.0,   11,  Nuc558      ,     17234,
 745,   1,    -1,   451,    -1,   291,    62,  25.0,    9,  Nuc559      ,     11247,
 746,   1,    -1,   121,    -1,   205,    30,  26.0,   11,  Nuc560      ,     14625,
 747,   1,    -1,   589,    -1,   291,   148,  26.0,    9,  Nuc561      ,      8116,
 748,   0,    -1,     0,    -1,   304,   217,  26.0,   13,  nill        ,     17962,
 749,   1,    -1,   490,    -1,   165,    59,  27.0,   13,  Nuc562      ,     24917,
 750,   0,    -1,     0,    -1,   231,    57,  27.0,   11,  nill        ,     13675,
 751,   1,    -1,   522,   972,   279,   227,  27.0,   11,  Nuc563      ,     11431,
 752,   1,    -1,   603,    -1,   290,   117,  27.0,   11,  Nuc564      ,     17743,
 753,   1,    -1,   888,   620,   296,   189,  27.0,   11,  Nuc565      ,     12472,
 754,   1,    -1,   125,    -1,   300,    75,  27.0,   11,  Nuc566      ,     21072,
 755,   1,    -1,   600,    -1,   263,    38,  28.0,   11,  Nuc567      ,     15746,
 756,   1,    -1,   616,   683,   280,   238,  28.0,   12,  Nuc568      ,     15050,
 757,   1,    -1,   860,    -1,   279,    13,  29.0,   11,  Nuc569      ,     14756,
 758,   1,    -1,    33,    -1,   286,    21,  29.0,   11,  Nuc570      ,     17326,
 759,   1,    -1,   676,    -1,   298,   226,  29.0,   13,  Nuc571      ,     19729,
 760,   0,    -1,     0,    -1,   320,   167,  29.0,   13,  nill        ,     26199,
 761,   1,    -1,  1275,    -1,   296,    96,  30.0,    7,  Nuc572      ,      3203,
 762,   0,    -1,     0,    -1,   314,   137,  30.0,    9,  nill        ,      7088,
 763,   0,    -1,     0,    -1,   223,     7,  31.0,   13,  nill        ,     10502,
 764,   1,    -1,   656,    -1,   300,    31,  31.0,    9,  Nuc573      ,      9039,
 765,   1,    -1,   657,    -1,   300,   142,  32.0,   13,  Nuc574      ,     21070,
 766,   1,    -1,   679,   699,   301,   115,  32.0,   11,  Nuc575      ,     14104,
 767,   1,    -1,   135,    -1,   304,   211,  32.0,   13,  Nuc576      ,     20361,
 768,   1,    -1,  1214,    -1,   317,    76,  32.0,    9,  Nuc577      ,      6017,
 769,   1,    -1,   110,    -1,   126,   126,  33.0,    9,  Nuc578      ,      4276,
 770,   1,    -1,   640,    -1,   140,    78,  33.0,   11,  Nuc579      ,     12891,
 771,   1,    -1,   649,    -1,   156,    58,  33.0,   12,  Nuc580      ,     21242,
 772,   0,    -1,     0,    -1,   199,    29,  33.0,   11,  nill        ,      9519,
 773,   1,    -1,    41,    -1,   300,    67,  33.0,    9,  Nuc581      ,      6965,
 774,   1,    -1,  1276,    -1,   309,    84,  33.0,    9,  Nuc582      ,      9314,
 775,   1,    -1,   577,    -1,   127,   176,  34.0,    9,  Nuc583      ,      3557,
 776,   1,    -1,   863,    -1,   127,    99,  35.0,   13,  Nuc584      ,     20442,
 777,   0,    -1,     0,    -1,   133,   114,  35.0,    9,  nill        ,      3909,
 778,   1,    -1,   143,    -1,   300,    91,  35.0,    9,  Nuc585      ,      5453,
 779,   1,    -1,    44,   197,   312,    61,  35.0,    7,  Nuc586      ,      3507,
 780,   0,    -1,     0,    -1,   320,   232,  35.0,   13,  nill        ,     13447,
 781,   0,    -1,     0,    -1,   329,   169,  35.0,    9,  nill        ,      6811,
 782,   0,    -1,     0,    -1,   327,   194,  36.0,   15,  nill        ,     34494,
 783,   1,    -1,  1220,    -1,   341,    38,  36.0,    9,  Nuc587      ,      4142,
 784,   1,    -1,   718,    -1,   343,    17,  37.0,   11,  Nuc588      ,     12943,
 785,   1,    -1,   607,   638,   114,   108,  38.0,    9,  Nuc589      ,      3882,
 786,   1,    -1,   641,   875,   150,    40,  38.0,   15,  Nuc590      ,     38078,
 787,   0,    -1,     0,    -1,   291,    39,  38.0,   11,  nill        ,      6737,
 788,   1,    -1,   713,    -1,   314,   127,  38.0,   11,  Nuc591      ,     10164,
 789,   1,    -1,   739,    -1,   315,    94,  38.0,    7,  Nuc592      ,      2173,
 790,   0,    -1,     0,    -1,   321,   135,  38.0,   11,  nill        ,     10784,
 791,   0,    -1,     0,    -1,   129,    93,  39.0,    9,  nill        ,      4399,
 792,   1,    -1,   899,    -1,   334,    51,  40.0,   15,  Nuc593      ,     44352,
 793,   1,    -1,   973,    -1,   120,    91,  41.0,   11,  Nuc594      ,      8070,
 794,   1,    -1,  1224,    -1,   347,    48,  41.0,   11,  Nuc595      ,     10731,
 795,   1,    -1,    52,    -1,   327,    84,  44.0,   11,  Nuc596      ,     12012,
 796,   0,    -1,     0,    -1,   145,    38,  46.0,   13,  nill        ,     17486,
 797,   1,    -1,   149,   671,   146,    28,  46.0,   11,  Nuc597      ,      9985,
 798,   1,    -1,   755,    -1,   336,    36,  46.0,   11,  Nuc598      ,     11228,
 799,   0,    -1,     0,    -1,   348,   172,  47.0,   11,  nill        ,     11622,
 800,   0,    -1,     0,    -1,   358,   180,  48.0,   13,  nill        ,     17370,
 801,   1,    -1,   794,    -1,   334,   114,  49.0,   11,  Nuc599      ,      9444,
 802,   0,    -1,     0,    -1,   155,     7,  51.0,   11,  nill        ,      3909,
 803,   1,    -1,   792,    -1,   350,    10,  51.0,   13,  Nuc600      ,     16469,
 804,   0,    -1,     0,    -1,   362,   147,  51.0,   11,  nill        ,      7804,
 805,   0,    -1,     0,    -1,   343,   111,  52.0,   12,  nill        ,     16889,
 806,   1,    -1,   773,    -1,   353,    25,  52.0,   11,  Nuc601      ,     11583,
 807,   1,    -1,  1267,    -1,   235,   186,   8.0,    9,  Nuc602      ,      4139,
 808,   1,    -1,    60,    -1,   206,   142,   9.0,    9,  Nuc603      ,      9089,
 809,   1,    -1,   231,    -1,   197,   184,  10.0,   15,  Nuc604      ,     24706,
 810,   1,    -1,    65,    -1,   207,   193,  10.0,    9,  Nuc605      ,      7167,
 811,   1,    -1,   806,    -1,   179,   101,  13.0,    9,  Nuc606      ,      4860,
 812,   1,    -1,   409,    -1,   267,   109,  14.0,    7,  Nuc607      ,      2180,
 813,   1,    -1,   317,    -1,   212,    43,  15.0,   11,  Nuc608      ,      9223,
 814,   1,    -1,   347,    -1,   256,   181,  16.0,   11,  Nuc609      ,     14933,
 815,   0,    -1,     0,    -1,   287,   195,  16.0,   13,  nill        ,     19339,
 816,   1,    -1,   293,    -1,   209,    74,  18.0,   11,  Nuc610      ,     29495,
 817,   0,    -1,     0,    -1,   184,   177,  19.0,    9,  nill        ,      4832,
 818,   1,    -1,    88,    -1,   261,    49,  22.0,    9,  Nuc611      ,     11189,
 819,   1,    -1,   173,    -1,   261,    89,  22.0,    9,  Nuc612      ,     11099,
 820,   1,    -1,    -1,    -1,   267,   225,  22.0,   11,  Nuc613      ,     11387,
 821,   1,    -1,  1233,    -1,   284,   133,  22.0,   11,  Nuc614      ,     18872,
 822,   1,    -1,   418,    -1,   208,   101,  23.0,   11,  Nuc615      ,     12732,
 823,   1,    -1,   977,    -1,   281,    34,  24.0,   11,  Nuc616      ,     21119,
 824,   0,    -1,     0,    -1,   290,   209,  24.0,    9,  nill        ,      5166,
 825,   1,    -1,   461,   462,   215,    87,  25.0,   13,  Nuc617      ,     20414,
 826,   0,    -1,     0,    -1,   296,   130,  25.0,    9,  nill        ,      9018,
 827,   0,    -1,     0,    -1,   304,   214,  25.0,   11,  nill        ,      9756,
 828,   0,    -1,     0,    -1,   162,   106,  26.0,   11,  nill        ,     10140,
 829,   1,    -1,  1238,    -1,   164,    67,  26.0,    9,  Nuc618      ,      7983,
 830,   1,    -1,   553,    -1,   306,    43,  26.0,   11,  Nuc619      ,     17916,
 831,   1,    -1,  1239,    -1,   323,    25,  26.0,   11,  Nuc620      ,     12317,
 832,   0,    -1,     0,    -1,   169,    94,  27.0,   11,  nill        ,      9618,
 833,   0,    -1,     0,    -1,   206,    55,  27.0,    9,  nill        ,      7608,
 834,   1,    -1,   516,    -1,   214,    65,  27.0,   13,  Nuc621      ,     23215,
 835,   0,    -1,     0,    -1,   219,    26,  27.0,   11,  nill        ,     15106,
 836,   0,    -1,     0,    -1,   238,    33,  27.0,   11,  nill        ,     12806,
 837,   1,    -1,   172,    -1,   250,    81,  27.0,   13,  Nuc622      ,     21312,
 838,   1,    -1,   521,    -1,   272,   121,  27.0,   13,  Nuc623      ,     20058,
 839,   1,    -1,   856,    -1,   283,   114,  27.0,   11,  Nuc624      ,     15987,
 840,   1,    -1,    40,    45,   285,   226,  28.0,   11,  Nuc625      ,     11854,
 841,   0,    -1,     0,    -1,   308,   130,  28.0,   11,  nill        ,     17285,
 842,   0,    -1,     0,    -1,   279,    22,  29.0,   12,  nill        ,     27491,
 843,   1,    -1,   590,    -1,   296,    57,  30.0,   11,  Nuc626      ,     17806,
 844,   0,    -1,     0,    -1,   207,    45,  32.0,   15,  nill        ,     23798,
 845,   1,    -1,   128,   512,   152,    45,  33.0,   11,  Nuc627      ,     14657,
 846,   0,    -1,     0,    -1,   319,   117,  33.0,    9,  nill        ,     10464,
 847,   1,    -1,   728,   706,   307,   213,  36.0,   11,  Nuc628      ,      8225,
 848,   0,    -1,     0,    -1,   326,   208,  37.0,    9,  nill        ,      5412,
 849,   1,    -1,   754,    -1,   328,   170,  39.0,    9,  Nuc629      ,      5375,
 850,   0,    -1,     0,    -1,   127,    82,  41.0,    9,  nill        ,      4425,
 851,   0,    -1,     0,    -1,   154,    35,  43.0,   11,  nill        ,     11081,
 852,   0,    -1,     0,    -1,   337,   155,  43.0,    9,  nill        ,      4967,
 853,   1,    -1,  1252,    -1,   328,    99,  44.0,   11,  Nuc630      ,     10855,
 854,   1,    -1,   152,    -1,   346,    29,  44.0,   11,  Nuc631      ,     15295,
 855,   1,    -1,   283,    -1,   226,   152,  13.0,   11,  Nuc632      ,     18897,
 856,   1,    -1,   307,    -1,   279,   144,  15.0,    9,  Nuc633      ,      5217,
 857,   1,    -1,   369,    -1,   220,   171,  16.0,   11,  Nuc634      ,     12457,
 858,   1,    -1,   166,    -1,   198,   122,  18.0,   11,  Nuc635      ,     12747,
 859,   1,    -1,    -1,    -1,   203,    68,  21.0,   11,  Nuc636      ,     22946,
 860,   0,    -1,     0,    -1,   220,    53,  22.0,    9,  nill        ,     10458,
 861,   1,    -1,    97,   842,   257,   104,  23.0,   11,  Nuc637      ,     16454,
 862,   1,    -1,   450,    -1,   288,    34,  23.0,    7,  Nuc638      ,      3668,
 863,   1,    -1,   500,    -1,   250,    21,  24.0,    9,  Nuc639      ,      9110,
 864,   1,    -1,   444,    -1,   256,    62,  25.0,   11,  Nuc640      ,     16325,
 865,   0,    -1,     0,    -1,   238,    26,  26.0,    9,  nill        ,      6935,
 866,   1,    -1,   564,    -1,   261,   123,  26.0,   11,  Nuc641      ,     10109,
 867,   1,    -1,   859,   106,   274,   128,  27.0,    9,  Nuc642      ,      5395,
 868,   1,    -1,   527,   550,   290,    43,  27.0,   11,  Nuc643      ,     21329,
 869,   1,    -1,  1255,    -1,   294,   132,  28.0,   11,  Nuc644      ,     15149,
 870,   1,    -1,    42,    -1,   305,   130,  30.0,    9,  Nuc645      ,      7907,
 871,   0,    -1,     0,    -1,   300,    15,  39.0,   11,  nill        ,      5864,
 872,   0,    -1,     0,    -1,   159,    29,  46.0,    9,  nill        ,      4160,
 873,   1,    -1,   776,    -1,   136,    31,  52.0,   11,  Nuc646      ,     10417,
 874,   0,    -1,     0,    -1,   218,    46,  24.0,   11,  nill        ,     17913,
 875,   1,    -1,   403,    -1,   243,    18,  24.0,   11,  Nuc647      ,     17184,
 876,   1,    -1,   170,    -1,   210,    34,  28.0,    9,  Nuc648      ,      6411,
 877,   1,    -1,   978,    -1,   284,    34,  28.0,   11,  Nuc649      ,     17829,
 878,   1,    -1,   933,    -1,   188,    45,  30.0,    7,  Nuc650      ,      2310,
 879,   1,    -1,   887,    -1,   296,   135,  32.0,   11,  Nuc651      ,     12595,
 880,   0,    -1,     0,    -1,   175,    43,  33.0,   11,  nill        ,     16127,
 881,   0,    -1,     0,    -1,   186,    37,  36.0,   11,  nill        ,     10545,
 882,   1,    -1,   151,    -1,   319,    18,  41.0,   12,  Nuc652      ,     15030,
 883,   1,    -1,   407,   829,   255,   116,  19.0,    9,  Nuc653      ,     11589,
